0.85869713597022779  0.049009286392703542  0
0.98931813389081136  0.0033041300804046245  1
1.0018924904122943  -0.00059170894760160822  2
0.9997365006949156  8.3778593732203169e-05  3
1.0004724439933981  -0.00014416353455745711  4
1.0303672302983597  -0.0092737548805586194  5
1.000418011547666  -0.00012211335343971126  6
0.99974182557980218  8.0366074490264444e-05  7
0.9997630277676095  7.3430534007959956e-05  8
0.99917979125464063  0.00025575776796775781  9
1.0017663768705483  -0.00055011038627940812  10
0.99971284901096868  9.0890392464711817e-05  11
0.9997034417853512  9.3817834025241231e-05  12
1.0017591306763032  -0.00054810161002026277  13
0.99917550837920999  0.00025769691086330754  14
0.99962436516346809  0.00011592598241791073  15
Fcontact::  20.879299771583035 




0.23694018571551129  -0.049993117881402996  0
0.96361289615194579  -0.00018390004342161743  1
1.0250497944453281  -2.0389699281937369e-05  2
1.0009874813768012  -4.9540323614798337e-08  3
1.0127362897610306  -1.0325536113564472e-05  4
1.4731934950775487  -0.00080651468595326959  5
0.97951765158280746  3.302438921792658e-05  6
1.0040568063472917  -4.4679397435374042e-06  7
1.0045490442488774  -4.9032434500883665e-06  8
0.97019366948879637  2.1447255788181417e-05  9
1.0242136785773213  -2.2688918255279848e-05  10
1.0009280888377592  -6.8721906113145948e-07  11
1.0009076152246319  -8.459713591411032e-07  12
1.0244495788211796  -2.3198528532266893e-05  13
0.969848932383919  2.1582567168935418e-05  14
1.0041542415840312  -1.5569820209742653e-05  15
Fcontact::  0.80160002362465199 




